3548056283
2325859787
2834931297
1225268700
697158415
4056666240
66221078
3082378085
2955890026
1160768636
1493775569
3387488936
1896920414
1511199647
2794730835
99873560
3338585767
1406446566
1271932551
2158278760
1946493192
1667864687
3103147239
15395851
1043396844
1063230795
4136133637
2048480338
535214463
1068508283
4115463836
399656441
1654739222
3196399019
4065277026
351305506
3000750316
5479738
4062521752
3311445378
2307645564
2823389460
189565042
3343476071
2834465289
3543341632
968282984
1825572952
1371287921
1054144184
1212470215
3293244870
4247316356
367768100
1686291395
2526017645
1866364938
3791093560
674474890
1890874013
3511213121
3460207571
2047058241
1109979343
3314729651
4022268102
1529836087
2436841628
694073868
1389778257
1813801903
3070780524
1267259877
2650833031
3088485917
2736578067
3999697105
2935651053
3976875533
2886928064
2464338873
3996669661
3814924688
1092106367
4064067827
3569127599
4152900306
2627437660
2689636757
1321558600
1505722721
2025779097
147982744
4031290664
4154260321
2804620193
756275513
2482828295
522372638
2421535195
3906211288
3690026096
2277991199
2409367693
1276416315
2344721548
1167373843
2159391574
2447212635
1051227458
3996603448
1068589309
3760613896
1752479850
1857382271
3917072561
681614888
245389606
118387074
3011373365
12294123
3269406332
2319940146
3448002092
3125933124
606196114
1100195970
2878938942
2913785194
2083013757
77006557
2342123642
1084110392
61572336
522539261
1963003133
2449149109
2684042003
1712700867
1059912485
2195961123
1643659177
4008264371
1553943960
4068625936
56795122
2141317866
3324655488
914437715
1411226544
2202117797
536954421
3209296709
4169243932
620935113
3184676437
3298439205
3928787355
3278118948
2490890380
3519162144
3285372965
3128661250
685844970
1516940945
1103116045
3274594900
632403452
3448369808
3995836383
2083413694
3230059369
2373355705
976490001
149441038
2560547258
2787366835
3651361020
1212737564
3398321566
1978403147
490090815
1182730396
2947316446
1897589937
3050351647
1391772369
359369141
1979126648
107372135
294390130
770408812
412550832
1328486985
1746781976
205171656
1679795141
3189783742
3122905746
3376246834
1620298060
592544454
2032429180
645475650
2048189544
3656123213
1877710597
2386519041
3404390539
3131845610
1914999499
366596776
3611285028
3132495612
3868009679
3707653909
3029413520
3513862249
3733241849
4107733056
3274603770
1978209739
3064406123
1870698924
2695060386
3577786620
3669907926
4084330085
2821835419
1792056814
2105485887
4282180308
1085884325
3474928661
2035710691
2053354650
21173566
321981983
2702048644
930689951
2169798366
394525097
3300719081
504164625
1287407473
848597017
611151858
640327341
2345843067
3695631939
2324272134
1024134872
4002424001
1687180745
2587029125
921211399
3819993760
1489107282
3477110568
2781299511
1285679073
559431283
2773693259
3879467384
3735800985
836724614
2455951965
29322274
3343318475
3564782517
3407786513
3842778938
3144400990
213111656
2681834906
2654157574
1587311968
180944
1490320383
1090852131
2347533605
617531332
2811485026
519801339
2595028206
2486862877
2189542931
767289470
239743941
401009460
1649000464
3307318128
1108501775
3702415250
3723310111
3422726497
983405126
4242144845
2953704277
1802406930
3854136265
3814483419
338713349
107560548
105719147
3848529277
4112486540
984749034
3422742950
3049370359
3141226199
1949404766
2541837625
3886668846
1541070098
1008863733
977663517
3076190346
4101537241
2884851369
3404143924
1751334440
2560149436
3145110321
4284529823
3640999216
1574697975
916170764
506926731
1954653681
155904314
4255226127
763875050
1870757114
526398248
1512670851
1912214546
1110597651
554875416
717933519
1118347529
3621993439
2111405684
90952145
2562568380
46078574
3072447136
284697274
3056942257
4156168103
1227106678
76882149
3730773705
1022261037
1463459028
4050698266
2154900060
2794228037
3002169611
831759322
3677598827
3165452937
3642945858
3260817425
3497867425
3867358757
2691151904
1189402096
793147437
922590947
3502495284
1372488539
1751625425
3391092345
3198826149
368791775
1805342160
1869154200
3439085068
4259289819
969956876
1781923752
2287863526
1115311147
3335631488
1950238656
1645779665
3775544009
3740255454
2023332336
2940609922
2108163171
3516364550
65971583
1303276479
3070365053
3182497776
469771338
2942241147
1548916227
2523420651
3991575781
393568494
2030311525
4058353743
1956898342
444220243
2383963396
2999018620
1619594151
3634050970
2051257170
900169600
1190535822
3100485474
3084703848
731663070
2858032849
3658766757
561329116
2469654270
2924526191
1470911798
440412359
993868270
4198454621
2508226066
2164837916
3471599553
3274773726
666444417
3304520710
1238843106
918740200
2560728915
468683229
270525238
583660029
3360227121
1829375738
1253132404
1650841061
1044918770
2746446266
43432102
3042005259
2437912523
484678101
514743393
2964546256
1649695617
1056588534
59120576
2196002171
1403147405
3522467813
3699630691
3280499267
2726831710
237658719
653576955
652343239
3252961033
1169970346
980814325
4114691377
2936498801
2688428851
2083641009
1981115076
3366543408
999405496
2208587297
3085488107
560706990
3916596496
2715855671
3209241568
719864947
618041633
2321544903
3368248196
896634010
2142422013
3078139335
354567696
4228486914
447588097
3218485689
435924340
1260091780
1721796955
3678833032
574690924
2218178482
538900409
4080429685
974588889
1631427688
2363439568
3199569862
1968547710
4234617031
2372184672
4084898229
99735015
1336829303
1793767178
3612895048
3360819809
113261406
2751532854
3658702023
1846607628
1055742783
672289843
2882893262
3987004333
669999584
4010297754
98977089
393876691
3827561940
407402144
3571430096
3721617896
3894630961
2231696783
2482857953
4147631183
479643398
1620050581
1023006375
2023106145
321020373
1062693069
1711849637
1739090047
3944988122
2198621367
4253025850
714017102
3277012271
159201937
1383989023
605526754
814323048
2830235784
647282082
382433521
3622168458
1709507856
1670427562
2360051585
2032136055
3776648068
1774300863
964448883
3310410905
3325231247
3825016357
2272701023
823468951
1046213762
275909888
2243562711
321769363
222297087
2408336867
1078779829
1702147056
2777145255
489188687
1095412904
2667444783
3277570196
604440903
817942180
1498167399
857266791
3491205167
2810927883
1006377172
997718078
2050010577
263497380
2153371613
2711408164
1642397359
636024236
3929422427
3599137105
2706300393
3029171071
1899020922
4025925062
2514689878
4028802952
2471841327
827999115
1931602927
2619197291
790032210
4145708664
2697549185
2153510897
2439723516
1891564459
697863670
3979711092
3847684586
1591790465
3666380379
2917810258
317920613
3724566894
413512802
3939164158
4225581535
509333363
478985243
4110819621
364122938
1997035093
1781708471
2824791892
144826736
1050657888
945731128
2204387103
731952969
3873802294
4006826977
1788529378
154517871
1522047782
348857779
1436952366
3332155678
49518736
3992839756
2406583412
4257003152
2592397532
1669084363
3944120641
2419691678
4162049926
862613871
4043623622
1784915109
2223685001
605546389
2951255526
258534594
3755190993
406561689
272152409
47838466
2521621417
2181592781
2050530420
2953567689
1160712949
3448135213
1240240712
1678540520
3119044785
1464823529
2486703276
2454059064
33943437
2073012787
1311290745
467015227
3900259379
4147914837
1733884474
1551811888
2543869547
1537126855
3321697552
629191072
1205223734
1613897603
3532939440
2206258462
1692464725
1620372366
1414086741
215998555
3156558988
1670072689
1773575872
2614192287
714524507
1878756277
436600983
1468348318
2090908941
3461975534
1487943158
247487262
103913731
4179324957
634624793
239903707
2632008991
2736430843
1756484722
3525010858
2009550881
2062248983
1882668554
2980072912
1737735735
2686732887
1225518730
3362969171
754824529
4088624748
3690815586
40191040
1575147071
247895723
4164362973
3569661866
1490221760
2727497905
3149938453
1574829690
488811644
2559047630
2862445544
1312583159
3395075072
756899785
1979493752
4185075092
141238873
1797517959
3530931504
1239733819
385990745
86605355
1916194823
1196750114
2136954830
86825099
3577289825
2217175582
438558255
445120581
1816351132
2194617395
2247655910
1996894926
2685996735
2839410016
3001446789
1036034050
2773061612
1478485921
2082643307
3383677084
2395122991
371399722
821228919
3755750159
3270739782
2912948259
80543427
2730599557
2904312951
2914415507
1375378107
3349598260
628183394
2508480984
1502742562
311541127
2887195202
3686184871
1127951584
4036415848
2355471187
4097304935
749569149
3532378590
669697006
2979343673
2725079223
1217203641
177185889
1683560779
289117173
4059300828
2786568754
3100129075
3503787501
2788427581
849522111
604404436
1902825293
2039995208
2956868403
3948182759
2890394240
3323689754
1612753244
4244706836
1791482599
2381775106
1753845537
2794327915
2114616414
814552244
3914838476
3275758019
1200818623
3453493553
139000800
2885346802
470977950
920934320
241019518
2807284071
3047648049
2000257008
304888739
1752911534
3239577773
143290988
512530669
1159686316
1658271248
3036195951
3280800419
3142436479
3395468274
885661705
1275627454
1476306155
2881262332
3541064080
477400660
1622835437
1571463262
4240378013
3479531122
591098636
2961143215
415566102
4278307681
1987042321
4185025910
2810211334
3404107971
3258864769
2838250592
1123779610
887780667
3934375169
3339927232
3436039952
713672696
4230360485
2448869089
1093459133
2167265225
1442782232
2220228870
600019805
3052650231
3992839161
3912315147
1944585730
869332621
1006211275
215932289
1693583377
3396932275
2380995324
4185616877
1586337446
4198020796
2576087242
2495341112
2489929304
2862724417
2524684614
1775965623
3267253824
1657397243
40944939
2884522698
3436772278
2307011327
2683201074
330338463
976889948
2017566194
666621426
1385637712
4024476335
1071763549
1039751126
1256450554
3716411919
1821662332
3988774436
4123662102
3371958284
2574895656
3133789578
4000166453
1329572829
632809466
1469451024
2656073086
2092304381
121053380
1832802524
650371105
3401276222
2409565916
628923468
3410174676
288699788
4246353028
3460047210
3671669822
1484262000
4039302525
3466448041
2457595846
66295817
3168974767
4034621424
2254265141
1093470690
4017798796
3380267950
2902237159
2603192659
401416368
2923587393
4101130239
2607385023
1931128351
32026145
3860096412
770575050
886809113
2666329333
2491547440
3076311871
340904545
1334937053
4244239335
1181840732
1595418000
1889308494
2986436639
4148819535
1397760596
563156459
4097383112
891276419
2630979979
356840074
2084480496
259648048
3364988556
2998554910
1615974834
3247513792
1909162529
636010110
62034731
3502490118
2539455237
569250492
3361133961
3817916741
4032086079
2461618257
2820078561
1497146170
3734512220
326685913
1755364385
352764473
3362524914
2418150302
3984577987
1471064231
372134791
3323394476
1582081268
2279790697
579601924
3280733680
1791826459
1440547794
1754301932
1830299162
3142307362
1701102064
1481651964
3764258236
1010852527
1995177682
3286041149
845934088
4280276611
1300556471
3589094733
1615414560
1946116962
567275412
4215768794
233288073
2127308138
3283120157
2587288021
4015818781
2258752643
2359290750
3961384509
2324768571
3259741584
811324328
171146281
2385219891
410054068
2089278252
1741051140
837494378
2963986240
763213247
251760593
9617016
3530887386
4021055750
2762683671
662431271
1170285998
296828151
1693676096
3061190881
3881402411
629749250
2497454579
1286441575
2570967034
3664175188
1180558682
3154418169
3250457264
3575444007
1053207874
3682184174
1501957724
529040924
3077292614
2633728566
2138787364
2893078790
2983010475
759588212
4121234776
3431079959
3357154054
3964533379
2582541337
3179231381
721206598
4070133978
4076043443
452320012
3105674675
449982516
1662826571
3848703125
516569092
3838518459
534191532
2881960905
574219966
4052320248
3897932513
2619143412
2402196714
1384557274
64275303
1391834743
441088326
105656102
3460995160
4179175252
2730215180
2952096176
1206657122
622606052
3440909328
3869879636
4000993023
2138327644
1113204825
4075429397
451254682
1210519358
827056786
967810500
4142114911
2401884948
1185797100
3490916762
3340666173
290395316
3372796271
2741159002
2942688997
348992816
4139602752
2594918220
2994151482
292732026
4099287566
853790940
2468458832
4140308004
2155710729
346972402
2705352926
2885938004
602433267
1913402428
13575188
3560787282
1583851813
183871039
4089937846
2610143669
3943233369
2383963573
1099384779
3161686107
2117866761
1862446518
495411127
2563153739
1179130137
1387974907
1029674522
2034617848
113217997
2507214097
1477906232
2904799119
501251967
3145014262
2816617577
1426347360
1026852510
3104255053
679891713
2159031629
1136894060
3325726797
4186253170
1205677972
1255443357
3842318495
1884643870
1753707117
2161851125
1701027872
3838846571
1803457254
2287458045
1675096045
2195087792
3383692566
2708299019
1281582923
2093955709
2582944766
1051457574
940612291
1409432788
4255830768
2552784787
2678857607
2760440996
37028230
2527825392
3824992232
1353935969
117231965
2216380076
1002808391
2742739695
1706436106
1783533122
893823086
846267149
1243661303
1846378280
4117187693
2150602561
1265659988
3335038447
1274796386
1902100351
3670252900
3322435159
2410146365
1128022816
1206321360
4135145148
1298501483
1824579942
3356593470
2587924786
2092119389
787480628
653221990
2455577502
1200412352
1268446914
926690011
1348253908
679640517
3643058908
2788652273
2115251147
1690219310
2187263827
798937026
613882915
698949148
3497724189
3648191505
2572783814
3617324857
3626543920
2132108518
2055932414
1975994050
1056174035
720211840
1025081173
1628283174
3269897411
1105312864
4252210130
2567800197
234985847
3719214180
3271300947
2376732116
277387071
3036351318
1257108701
1791468453
3234110939
2216268245
1745719134
62828777
2342919070
1466986594
4134204788
2949745910
1295841436
2904562234
2583439503
1201461889
2438564925
2216877294
2982945509
1794658783
3099342668
1518488281
98115499
726337819
4175121337
156028025
218625348
1790819454
502888349
2039502048
2227397164
2111647042
4240231956
3231019844
3931925845
3498094151
1006610124
3400995675
2224267363
2278808542
2098729756
408099354
4148903374
1886892538
2667952247
3150712580
1187050758
3453503557
4252810118
413655804
2022342228
392773192
4244554254
3227751742
146541321
3503927229
4128839312
3253242320
2273764908
1294630339
637495433
3153715470
2883114205
630110823
2572856489
2917348524
2154100537
2278918335
3283332184
497029080
2084399719
3584051112
656881943
3440340486
964797786
3688902386
3462400512
356787701
3699369815
4160122541
3075625034
133282044
897741723
2165212634
408931764
3987044908
836464688
3893645578
2550337353
2045506670
3791196439
735497089
1910510953
2622745960
3195274636
1984481921
514880180
1743964457
3350179286
866512006
1232672749
1775892969
1629067025
743672255
632010439
2797523414
110960599
2003897246
4043810800
1774660285
4207196361
936536708
1767813027
3861471747
2883401409
1383020545
2325671322
2371925199
1900502611
1136388669
2529426720
1598978414
1746957919
1382654239
2317472500
1548627355
3314999327
3891193158
819360360
4220588106
2307214600
544835471
4201649646
2857493904
2601424639
1526421903
3331533417
2587041339
804994108
701022099
2294152754
1335244044
1683009609
823742919
3868636794
1822091810
20186592
1114642171
3546260500
858724753
3198979670
3547819468
181163133
313247118
2535523425
693871775
1836228950
1055310395
206406390
3555368153
1226385429
3683679932
3561676463
250312636
838959869
947990292
4054084623
4166682086
3323760302
3128145895
1381410121
913842925
1544448643
1084623754
3390027162
2685406953
1003368633
367857834
1805284474
508042327
544643882
167096472
3168911466
2615874776
621330534
1415441025
1192916333
680478553
3906484627
1187196111
1478670881
3867272148
863194278
3404725980
2020010054
1884448290
293345187
185595497
2528664148
3271012381
2014571628
4086479549
1249603676
1509339504
1335255331
2835406571
2057929524
369831451
1682370892
3482411873
3823386439
3459169056
3149098709
1226045192
2016986616
1494041200
1842548853
2987508835
449547344
188383585
1712150217
3491451265
2153066563
4136940697
3409293914
1431393756
496491716
116836078
3726789147
1571077895
3262947761
1496551279
1970481433
799261433
1604108139
1382406541
1479382912
2537257237
2576201330
621507843
4005587732
3855716050
2516961005
2584897014
1925879263
4046040844
1623168026
34914285
1944888739
3525077159
2850217949
3818691272
753594279
1464037425
625956304
3122109303
4067026711
3589241832
2986720089
1166492650
4159409211
3089940664
1870512127
3843642831
1051705983
712518987
832218961
1067167389
2011451337
3314725853
2397034876
3026435740
3336971671
218303565
948618381
294582436
3410090949
504971314
2560285383
1857484649
1652983279
3710393313
129171310
3673074981
2299743014
731854711
3907549946
1816667823
2218993216
782729443
431596888
3365128406
3751559044
3651985581
3816815323
2721580438
3554602365
1736647939
3531380264
1156866427
539247761
1279753035
4098158762
436359540
668251869
2781944665
2069987232
479813385
1105842881
1602430007
2870688251
1046204025
3865698574
702160174
898403074
2111965808
911060211
945907906
4122856974
3548565469
3947590350
3551859287
3735094278
2227565478
1816226635
2687995760
2878460101
3145931897
3862994596
3735796523
1748656833
4108588898
1809758896
1297758779
3280106618
3371954581
1672043581
1732292872
3885011295
2521729092
4197074641
2768736926
1249583783
339270909
280011563
3223258256
3483004554
299767900
3966936850
2156392258
532478889
3453379844
712576938
646635244
269003508
561082630
192083613
3523441135
1356388339
3794744202
2486620801
2763277003
2935410572
869121898
1298365620
2779324748
2278820595
3281264768
1816025586
189301755
786169891
3233924336
2361437897
2762638690
125948494
2700920855
4054458459
1109211361
34454411
143437411
1224911902
1273436892
3895751100
3576858218
3607282810
3219823027
68976705
2378063392
7444520
1379424558
4241394746
1599327969
1861512607
1200693977
2730706524
246510616
3926308341
1023575462
3003880121
138317811
781525567
3400620029
3664350992
2209201474
2509756875
3176718996
4218130083
1206070560
3822897110
3926343021
3008847177
916669746
1527577516
38623066
426574798
157004905
2415309293
1434617638
2416462915
4208763691
491909251
3629537466
750842782
2049453096
2164341980
185940664
1304286210
2051684487
2748632865
1630805418
2067886790
3234276326
319504763
196681401
1361689371
435555032
3184952469
1812057675
2682966310
117686334
913787465
2226256416
3738982596
3100868922
574344079
3268287811
436030292
2330919380
1307273000
819999295
1369673040
906129517
839088433
3032138079
2823524028
1821139961
3028706474
107548439
2419238709
2316560109
3472812014
3875737117
160849687
1868567446
2168520403
1624842053
831869586
998055051
331615390
1942745657
3491347114
4116563490
937786852
2433727071
1812604029
2663635090
2546446398
726334173
2137675450
1629900640
2862222269
3219154861
3371369542
2977535236
2195314404
4139766153
2906240182
2821919838
2843119997
629326349
4057704397
4173105278
2264179562
2311788622
1433457291
3055910526
3442361560
1807098411
1754613111
1532541227
3021122407
3803829526
1503926383
1600859820
66790891
936838736
2171147790
3627203934
3363138972
1859633652
3951224773
3476538180
2417105321
1236162094
2737280855
499673229
2626345141
286160836
3970413044
2416496063
2859071158
3696967064
3352489657
3692854604
3835091167
1211594202
1560209279
2053825499
1587075141
1479550713
198661408
2135443635
1861376809
2938195492
3614217371
1277074224
3234100105
647792443
4266426048
1388405506
2974582302
1629969500
506099783
2460992521
3173100396
4236834722
4051126665
3715787052
822949112
1458203035
2256840853
838278604
2988743097
3333533441
231334292
1859805832
3313404114
2635483758
812056585
352594016
2506906823
1391484474
1741813709
2334521871
4047565563
2745961265
1880133260
3292302044
1173187218
1896191725
4286695104
877076787
2089761520
2009808880
1044071970
2464871529
3035011065
3699748301
1619189691
1704356966
837368800
2080085072
2511183528
3161306097
3808050053
3393000274
501261569
2649448571
108825559
2512921223
2683587196
1881082105
1463438178
1773696969
2003070734
3996968753
3713765512
2543265238
1009553035
1274762412
1549477189
3054187823
3094174088
517615759
3633356653
2159371373
352423142
1005545457
3358060413
4210863008
422007926
194656939
2632466222
4198757974
1594609535
4209833010
2833692053
4029918603
505129881
2284081625
4112579451
1736711675
3600513229
4226304009
2355165059
2845551591
2247243018
389732200
3740900934
2060307870
261343182
1922269553
730699902
2785153351
2466012719
462097827
3671815523
3405819245
2542371842
3108895360
3851905503
3143883983
1807361128
4261075231
2789583275
2630604125
2051966946
642961421
1501697882
192279928
1517478678
655515808
3002470530
2464076317
3719406883
1534668830
2162764132
856112054
1643937627
4003287950
1635793925
3305568826
1391324555
3045802342
4075513462
3411907660
2582866097
2409809511
11354965
569456852
233187431
773737443
151570584
2003664203
2428119873
3852831402
279934070
186713002
1043136355
3672065604
1149443149
2266085324
4264863002
2510070167
2583979709
1898651119
4118143414
3365715657
2732208328
1375977259
2582161937
3071152154
993993188
3113456167
2903696697
1781885508
2848398168
505464176
250082377
1114950917
1352446825
1880755732
909335119
1242958156
3549976681
2580191718
422397934
308775059
3400302165
298163624
942727953
776083750
3287624913
1464382359
2935684383
470223264
656161428
3462417442
3858006117
4105748853
3627590737
1930442829
1191796363
3043574169
1485852580
829350242
1882107690
3873176586
2688583124
3900404329
3289138845
1936289054
92644258
1589160847
2648184533
424115754
57074261